"residue","MR_Non_syn","MR_stop","MR_Syn"
1,0.777585850488072,0.0309621645782805,0.191451984933647
2,0.77822907952243,0.0228580753593427,0.198912845118227
3,0.960849304399161,0.0391506956008386,0
4,0.846915582153504,0.0438452919300886,0.109239125916407
5,0.938967292184724,0.02722705955812,0.0338056482571561
6,0.967602501946144,0.0323974980538563,0
7,0.916674076797532,0.0324217871708953,0.0509041360315727
8,0.931233862130196,0.0251045456478723,0.0436615922219319
9,0.935805495625924,0.0326937384870076,0.0315007658870687
10,0.919803881431778,0.0363290485612801,0.0438670700069415
11,0.92226164955935,0.031751848287089,0.045986502153561
12,0.945345292246355,0.0374718863240127,0.0171828214296319
13,0.942364256348064,0.0295617623293639,0.0280739813225724
14,0.96566979909938,0.0343302009006198,0
15,0.874490035507173,0.0421512908180908,0.0833586736747363
16,0.971573207933092,0.0284267920669082,0
17,0.973341882256221,0.0266581177437793,0
18,0.893976069524737,0.0525284598496081,0.0534954706256546
19,0.891432192941039,0.0529436178028859,0.0556241892560753
20,0.913469480302219,0.0348551228009858,0.0516753968967955
21,0.910654238952206,0.0344012947969526,0.054944466250841
22,0.936616973725858,0.063383026274142,0
23,0.788132457582269,0.0604015843476309,0.1514659580701
24,0.844918398658644,0.051055437527073,0.104026163814283
25,0.939191553835893,0.0363322345304805,0.0244762116336267
26,0.911041357381298,0.0633817105737654,0.0255769320449367
27,0.94945060783004,0.020769005879355,0.0297803862906055
28,0.955314796508779,0.0306672668189821,0.0140179366722388
29,0.927553115851219,0.0197966036264548,0.0526502805223265
30,0.929636971866988,0.0235025657447044,0.0468604623883073
31,0.977996275947075,0.0220037240529245,0
32,0.951201944637469,0.0329871759270666,0.015810879435464
33,0.940269150601288,0.0597308493987119,0
34,0.907470862434848,0.0522879542273547,0.0402411833377967
35,0.843400684697692,0.0786268627917447,0.0779724525105635
36,0.933118954138342,0.0248009671073749,0.0420800787542828
37,0.951622241917869,0.0306745870926012,0.0177031709895297
38,0.956734810519461,0.0432651894805385,0
39,0.945206265760783,0.0293132312489777,0.0254805029902394
40,0.897726942864407,0.0315427452953163,0.070730311840277
41,0.964868489981711,0.035131510018289,0
42,0.940111372418745,0.0283516400034082,0.031536987577847
43,0.96083561429852,0.0270621810693497,0.01210220463213
44,0.936391666666667,0.0258111111111111,0.0377972222222222
45,0.898087665298475,0.0489616437358434,0.0529506909656821
46,0.888797754629067,0.0666807453758139,0.0445214999951194
47,0.916441719551936,0.0401303431491894,0.0434279372988746
48,0.953380396629282,0.0305467224291535,0.0160728809415642
49,0.958007099037629,0.0419929009623707,0
50,0.882717195459908,0.0622590400931676,0.055023764446924
51,0.893672184649664,0.0791886179133172,0.027139197437019
52,0.966231715268752,0.0218304522934983,0.0119378324377501
53,0.948171110875344,0.0518288891246559,0
54,0.965276715540161,0.030783023971939,0.00394026048790031
55,0.941654845141893,0.036711175195476,0.0216339796626311
56,0.89057340541179,0.0555519173084283,0.053874677279782
57,0.909627059530743,0.0378767792501288,0.0524961612191285
58,0.898860977207807,0.0399316771511341,0.0612073456410591
59,0.933402896975656,0.0665971030243437,0
60,0.849038743512779,0.0547028703481682,0.0962583861390532
61,0.901864456290309,0.0620165730243913,0.0361189706852997
62,0.889608484567583,0.0634519834224878,0.0469395320099289
63,0.939083033606153,0.0609169663938472,0
64,0.942351240007381,0.0569848915670577,0.000663868425561076
65,0.928628464404757,0.068706609675037,0.00266492592020574
66,0.962260601437555,0.0284964368696814,0.00924296169276375
67,0.868164924376978,0.0454747451429821,0.0863603304800401
68,0.908578409648264,0.0391804372039701,0.0522411531477662
69,0.959002171915255,0.0409978280847449,0
70,0.903041823696341,0.0631012603963203,0.0338569159073385
71,0.966512623502305,0.0207292347586071,0.0127581417390881
72,0.980857071632938,0.0191429283670618,0
73,0.938298471696456,0.0326939899571867,0.0290075383463577
74,0.926071470336762,0.0188481335182821,0.0550803961449562
75,0.897983598225844,0.0393369218279609,0.0626794799461955
76,0.924759330274425,0.0203630374032055,0.0548776323223691
77,0.955230249056062,0.030863631267881,0.0139061196760567
78,0.965911001451162,0.0340889985488384,0
79,0.931246421378163,0.0428576471057831,0.0258959315160544
80,0.952356664222847,0.0476433357771525,0
81,0.869307628100719,0.0680980630394406,0.0625943088598407
82,0.969319635362471,0.0306803646375292,0
83,0.929018547689094,0.037233279270803,0.0337481730401034
84,0.965704783569,0.0267484357085035,0.00754678072249599
85,0.967781224595972,0.0322187754040277,0
86,0.948438222663628,0.0319075964690864,0.0196541808672861
87,0.936743546760142,0.0170962329074174,0.0461602203324407
88,0.931548033908327,0.0684519660916729,0
89,0.954162320711622,0.015831314549047,0.0300063647393308
90,0.946147682088242,0.0538523179117579,0
91,0.948761647821667,0.0338636864360167,0.0173746657423159
92,0.962014085969244,0.0379859140307564,0
93,0.832955342596028,0.11590385498691,0.0511408024170614
94,0.898439167388327,0.0654939590199277,0.0360668735917453
95,0.928774023498421,0.0712259765015792,0
96,0.825043061645898,0.112028792012581,0.0629281463415208
97,0.942798518323256,0.0572014816767441,0
98,0.852502837434176,0.0178812057770414,0.129615956788782
99,0.933066136843247,0.0214672582256952,0.0454666049310581
100,0.940191515942714,0.0598084840572865,0
101,0.96310273304457,0.0321652293444482,0.00473203761098205
102,0.967510147825033,0.026764661335272,0.00572519083969466
103,0.925835278166394,0.0741647218336065,0
104,0.817522327959449,0.0364336015549611,0.14604407048559
105,0.811506725762468,0.0374627066111488,0.151030567626383
106,0.89044501359691,0.0298423066889536,0.079712679714136
107,0.923552625604638,0.0572353013488519,0.01921207304651
108,0.874609395949483,0.0388504873433907,0.0865401167071261
109,0.874427194859567,0.0519211051680889,0.0736516999723436
110,0.95353405958481,0.0464659404151899,0
111,0.978095150504406,0.0158512368993313,0.00605361259626232
112,0.969549660685247,0.0304503393147526,0
113,0.921642471389474,0.0266854594638552,0.0516720691466709
114,0.913280724817668,0.0504772007732439,0.0362420744090887
115,0.922583140904683,0.0257837902758602,0.0516330688194571
116,0.907385272881938,0.0417910007553429,0.0508237263627188
117,0.945134950030642,0.0548650499693578,0
118,0.961729251667818,0.0244343109979728,0.0138364373342094
119,0.96567204125528,0.0343279587447196,0
120,0.832376555352651,0.0359621314246038,0.131661313222745
121,0.888134873892745,0.0290885944521861,0.0827765316550688
122,0.922350467289458,0.0278809978720332,0.0497685348385086
123,0.923940790453642,0.0455244778037346,0.030534731742623
124,0.892732978564295,0.0200322279219999,0.0872347935137049
125,0.961497115457878,0.0198433370900924,0.0186595474520298
126,0.954506264836977,0.0279063901270679,0.0175873450359552
127,0.958707434175474,0.0273892999651339,0.0139032658593921
128,0.929199710751942,0.0708002892480578,0
129,0.966914985213581,0.00809909480705098,0.024985919979368
130,0.946271505632164,0.0537284943678355,0
131,0.907012404102364,0.0446729148016728,0.0483146810959635
132,0.965991766731535,0.0253368948037988,0.00867133846466678
133,0.950375519766569,0.0496244802334309,0
134,0.940533050098939,0.0438240051713292,0.0156429447297315
135,0.952207652468453,0.0286930201248714,0.0190993274066761
136,0.966919100392322,0.0330808996076782,0
137,0.989485812432283,0.0105141875677175,0
138,0.915326244534524,0.0174309452112048,0.0672428102542713
139,0.717207491389982,0.0228139339474679,0.25997857466255
140,0.951875127795306,0.0276259871189777,0.0204988850857164
141,0.91886769511659,0.0214836994951764,0.059648605388234
142,0.937404232341733,0.0625957676582667,0
143,0.829738001011714,0.0400470249301495,0.130214974058136
144,0.87634070603514,0.0393030868254924,0.0843562071393678
145,0.972214319474607,0.027785680525393,0
146,0.757525367765656,0.0368543421853363,0.205620290049008
147,0.816267084417278,0.034657560372215,0.149075355210507
148,0.591221950733174,0.0167231920808507,0.392054857185975
149,0.930666229063513,0.0618070242219661,0.00752674671452066
150,0.960336714611386,0.0396632853886136,0
151,0.922926261823945,0.0556701112900061,0.0214036268860486
152,0.935906037014001,0.04569542303831,0.0183985399476889
153,0.944707033208855,0.0526907981041216,0.00260216868702368
154,0.951678425715389,0.0450145167652118,0.00330705751939894
155,0.908620048550071,0.0741971691467088,0.0171827823032199
156,0.943884486446531,0.0561155135534686,0
157,0.88601437655962,0.0436433262664218,0.0703422971739585
158,0.845486487896579,0.068026282953501,0.0864872291499199
159,0.953950626625499,0.0460493733745008,0
160,0.907646947323359,0.0771352442882356,0.0152178083884057
161,0.977068034248426,0.0186323757698307,0.00429958998174363
162,0.942937110642698,0.0507112487584779,0.00635164059882398
163,0.949497523357806,0.045676177981852,0.00482629866034261
164,0.957708723855208,0.0422912761447923,0
165,0.981880734251253,0.0181192657487468,0
166,0.935878210048097,0.0359048180365971,0.0282169719153059
167,0.874593887433971,0.0803950697147923,0.045011042851237
168,0.864525710820181,0.0942077134674369,0.0412665757123818
169,0.889058159337603,0.0919770031076434,0.0189648375547537
170,0.886301113923692,0.0627529617999933,0.050945924276315
171,0.882850102999235,0.0627470318419572,0.0544028651588082
172,0.970123654225148,0.029876345774852,0
173,0.876324313360477,0.0644868487981084,0.0591888378414145
174,0.924354844659473,0.0278462755315684,0.0477988798089585
175,0.943430227247354,0.0381458889441473,0.0184238838084992
176,0.976179129499425,0.0191873589164786,0.00463351158409628
177,0.932971579785524,0.0177225069036165,0.04930591331086
178,0.94449889563038,0.0214370381894665,0.0340640661801534
179,0.936362951628646,0.0256640667200004,0.0379729816513536
180,0.923125266630894,0.0529688973900551,0.023905835979051
181,0.953451174092179,0.0445198896652838,0.00202893624253755
182,0.982158488714199,0.0178415112858014,0
183,0.885326417188871,0.0271416672433136,0.0875319155678151
184,0.866254086076315,0.0428558791953013,0.0908900347283832
185,0.963092979849064,0.0369070201509357,0
186,0.90222431810945,0.0625697420498489,0.0352059398407012
187,0.92324792557645,0.0406375071877513,0.0361145672357992
188,0.923422631075744,0.0445466054771969,0.0320307634470594
189,0.958762138619838,0.037721443918294,0.00351641746186791
190,0.858253087862167,0.0492745987503519,0.0924723133874816
191,0.8284203286589,0.0523709536353676,0.119208717705732
192,0.967373395547351,0.0266612715122544,0.00596533294039453
193,0.826567238460123,0.0693938483818179,0.104038913158059
194,0.904845084095281,0.0424470237878177,0.0527078921169013
195,0.839675775184093,0.00848996318417249,0.151834261631735
196,0.92892353399426,0.06350524861791,0.00757121738783012
197,0.959020320221771,0.0399666951571771,0.00101298462105166
198,0.891109749279197,0.0496599258733503,0.0592303248474524
199,0.914707866260472,0.0335349690368099,0.0517571647027186
200,0.960351133638776,0.0396488663612245,0
201,0.929806419126772,0.036024600223216,0.0341689806500122
202,0.865578327961856,0.0641568387756696,0.0702648332624742
203,0.970391132226131,0.0296088677738689,0
204,0.879604014988729,0.0367908964232112,0.0836050885880599
205,0.892992339654778,0.0347053577115413,0.0723023026336805
206,0.88886251543765,0.0484646946815104,0.0626727898808391
207,0.98381568113895,0.0161843188610501,0
208,0.945358073385526,0.0187404874425104,0.035901439171964
209,0.956196143780218,0.0298670580178511,0.0139367982019304
210,0.934075726910335,0.0278230758063436,0.0381011972833218
211,0.931831154313455,0.0364764631212078,0.0316923825653376
212,0.90326490903281,0.0775981903596375,0.0191369006075529
213,0.928206767568592,0.0550235736779162,0.0167696587534915
214,0.930007853493077,0.0699921465069227,0
215,0.770257613851513,0.0819593055907074,0.14778308055778
216,0.906062067965393,0.0332546966799138,0.0606832353546933
217,0.835787840968877,0.120336317571789,0.0438758414593338
218,0.974507925392132,0.0254920746078677,0
219,0.965849004562236,0.0341509954377643,0
220,0.887614785476378,0.0609581303107602,0.0514270842128623
221,0.886597957999703,0.113402042000297,0
222,0.779338473017124,0.107161604266993,0.113499922715883
223,0.859744118027194,0.0895844022347789,0.0506714797380269
224,0.841790992703323,0.078058942763148,0.0801500645335285
225,0.856015672653618,0.0873260703055403,0.0566582570408413
226,0.878216655938272,0.105650446471617,0.0161328975901112
227,0.962013901086505,0.000540450652698096,0.0374456482607974
228,0.912921185707667,0.0870788142923331,0
229,0.930099719391308,0.0634764304171449,0.00642385019154752
230,0.969096140142597,0.026231370404685,0.00467248945271783
231,0.968712110725376,0.0291083719012877,0.00217951737333681
232,0.923805151249633,0.0415539643605631,0.0346408843898042
233,0.961932094540871,0.0354564545649001,0.00261145089422883
234,0.945925366530441,0.0303989607224695,0.02367567274709
235,0.92977025829574,0.0702297417042596,0
236,0.980104629841751,0.0198953701582494,0
237,0.970083560191154,0.0266175691383207,0.00329887067052481
238,0.961042129233598,0.0389578707664018,0
239,0.944518195468067,0.050452311470639,0.00502949306129427
240,0.91779060812048,0.0568739014007141,0.0253354904788062
241,0.90185904493383,0.0468948858725912,0.0512460691935792
242,0.920329114534444,0.0253496824213069,0.0543212030442491
243,0.910892951189791,0.0492203274680134,0.0398867213421953
244,0.939673447049559,0.0603265529504406,0
245,0.927996286764306,0.0276594642315317,0.044344249004162
246,0.945614826794683,0.0543851732053172,0
247,0.879712434475288,0.074547660954932,0.0457399045697797
248,0.946641182066859,0.017688526672021,0.0356702912611196
249,0.934456356497012,0.0420512300991421,0.0234924134038463
250,0.828827218613431,0.0383835995574587,0.13278918182911
251,0.700160746846175,0.0819385978802848,0.21790065527354
252,0.934046748771092,0.0451335727772751,0.0208196784516328
253,0.967981367254485,0.00346804535333112,0.0285505873921835
254,0.9243084344206,0.0428366226413998,0.0328549429380006
255,0.869796274662884,0.0487374380784076,0.0814662872587087
256,0.888654654535862,0.0973482539506861,0.0139970915134517
257,0.945668449057001,0.0431682430058881,0.0111633079371107
258,0.861922987718813,0.0488940377076326,0.0891829745735547
259,0.953480961998981,0.0465190380010195,0
260,0.854207173834623,0.0509841168282898,0.0948087093370874
261,0.906275353923602,0.0405672359174765,0.0531574101589211
262,0.870422930125463,0.0590895939047491,0.0704874759697882
263,0.926897261990765,0.0398686034716951,0.0332341345375399
264,0.924107620845519,0.0671672108243507,0.00872516833013072
265,0.957717917334942,0.0422820826650582,0
266,0.867567197702082,0.0365685031495019,0.0958642991484158
267,0.858706196994546,0.0536002257853816,0.0876935772200719
268,0.924267131270541,0.0379412960831866,0.0377915726462724
269,0.901820706531373,0.0587027224448538,0.0394765710237728
270,0.894585340873703,0.0482562596972432,0.0571583994290538
271,0.920008260914278,0.0341438747611163,0.0458478643246055
272,0.905944972174624,0.0451167958488339,0.0489382319765426
273,0.939529489996726,0.0569367985109295,0.00353371149234459
274,0.948282300277225,0.0517176997227751,0
275,0.928938132456771,0.02748513838381,0.0435767291594192
276,0.917488581374176,0.0825114186258242,0
277,0.95079775465082,0.0492022453491799,0
278,0.81521032469872,0.0314263959518677,0.153363279349413
279,0.778574240197273,0.0326531161687694,0.188772643633958
280,0.93083912015872,0.0466067934924791,0.0225540863488011
281,0.950137297811616,0.0277704886804882,0.0220922135078958
282,0.906829175155573,0.0133018585131894,0.079868966331237
283,0.831619031541003,0.0187568623622012,0.149624106096795
284,0.85027016080583,0.0615246272250741,0.0882052119690961
285,0.872129952487011,0.0501284047135909,0.0777416427993985
286,0.915171871980129,0.0379638177569663,0.0468643102629046
287,0.901781683950931,0.0473369608597037,0.0508813551893652
288,0.943789562813436,0.0255393605634445,0.0306710766231196
289,0.96180598814778,0.0302092413549027,0.00798477049731705
290,0.954010459128172,0.0280196541109597,0.0179698867608683
291,0.976281846339728,0.0237181536602718,0
292,0.95511279957748,0.0170955001893493,0.0277917002331707
293,0.955021277174393,0.0287477717522495,0.0162309510733577
294,0.972114837196612,0.0278851628033883,0
295,0.979247522433491,0.0207524775665085,0
296,0.932062464805415,0.016608254215571,0.0513292809790142
297,0.922943737704757,0.0189983884753866,0.0580578738198561
298,0.913396784225473,0.0194169924664174,0.0671862233081091
299,0.956668490121739,0.0356753934542336,0.00765611642402789
300,0.914672841708758,0.0555636373195169,0.029763520971725
301,0.842640360964493,0.0349267050203718,0.122432934015135
302,0.884581614903703,0.0346355494216737,0.0807828356746236
303,0.88626435463326,0.053442477449808,0.0602931679169322
304,0.952006358943744,0.0253679090080309,0.0226257320482255
305,0.948789069499007,0.0212961515264306,0.0299147789745622
306,0.959254016306898,0.0296819070962113,0.0110640765968911
