"residue","MR_Non_syn","MR_stop","MR_Syn"
1,0.851946805231063,0.10238256163231,0.0456706331366264
2,0.811785721302327,0.124756389663507,0.0634578890341665
3,0.94463932323623,0.0553606767637699,0
4,0.917168785555265,0.0686230236977044,0.0142081907470309
5,0.865436955337258,0.128012805292344,0.00655023937039797
6,0.954046113388653,0.0459538866113466,0
7,0.953067410119881,0.0411670322177626,0.0057655576623561
8,0.936937343557932,0.055368773661287,0.00769388278078069
9,0.958683205778686,0.0369402298361877,0.00437656438512592
10,0.948439656659975,0.0460755185200171,0.00548482482000812
11,0.952397133880016,0.0444551594957546,0.00314770662422953
12,0.9522863133912,0.046359861086734,0.00135382552206575
13,0.952266722137777,0.0462726034714208,0.00146067439080257
14,0.960762008752551,0.0392379912474487,0
15,0.537019234273581,0.434133522251772,0.0288472434746477
16,0.927123961784832,0.0728760382151682,0
17,0.948932525487979,0.0510674745120209,0
18,0.868902220228331,0.12534745681523,0.00575032295644001
19,0.560030336926563,0.42053558656134,0.0194340765120975
20,0.891976738460352,0.102753663532894,0.00526959800675402
21,0.673996330113379,0.306322623805603,0.0196810460810189
22,0.670877043458099,0.329122956541901,0
23,0.641754218859066,0.310324662645942,0.0479211184949917
24,0.443081385536382,0.521056170364124,0.0358624440994931
25,0.908408993610387,0.0803314573229481,0.011259549066665
26,0.56838781899148,0.362658180898747,0.0689540001097724
27,0.925877953182555,0.0699001129994431,0.00422193381800226
28,0.95752276299536,0.0409251258983501,0.00155211110628961
29,0.943878283303872,0.0470627555357959,0.00905896116033217
30,0.903464516922911,0.0833651994748033,0.0131702836022861
31,0.965252828296995,0.0347471717030047,0
32,0.889283538818772,0.104517478624749,0.00619898255647863
33,0.756828367764411,0.243171632235589,0
34,0.647442363339024,0.32400195732072,0.0285556793402556
35,0.571738964335666,0.390640804393235,0.0376202312710988
36,0.887139230187019,0.105151027956619,0.00770974185636204
37,0.851169245676019,0.13876716028933,0.0100635940346501
38,0.879062099627997,0.120937900372003,0
39,0.958455998877361,0.0370239421480299,0.00452005897460853
40,0.957524446290242,0.0315415091063342,0.0109340446034234
41,0.969674977421676,0.0303250225783242,0
42,0.936285116632153,0.0593030450823522,0.00441183828549479
43,0.912486438288666,0.0864109292254186,0.00110263248591513
44,0.88877605742267,0.108008890162847,0.00321505241448321
45,0.472512157834768,0.503232006764775,0.024255835400457
46,0.452969750227766,0.520826017038449,0.0262042327337849
47,0.51926251759622,0.463811964383377,0.0169255180204023
48,0.752066362247515,0.244040152451656,0.00389348530082872
49,0.610636717169072,0.389363282830928,0
50,0.355240775730749,0.622026816593866,0.0227324076753853
51,0.407569568557132,0.581352986174133,0.0110774452687349
52,0.743616682936633,0.25309552167276,0.0032877953906066
53,0.435204676818911,0.564795323181089,0
54,0.971921055418161,0.0278994266798532,0.000179517901986079
55,0.506402120505311,0.48478398318951,0.00881389630517939
56,0.504990462386676,0.472523115465625,0.0224864221476986
57,0.774641445871874,0.201445966496808,0.0239125876313186
58,0.812106480760673,0.146201058213056,0.0416924610262711
59,0.460174821282607,0.539825178717394,0
60,0.441088551653869,0.496174376968736,0.0627370713773952
61,0.415688879620588,0.568579829232304,0.0157312911471073
62,0.443648234173142,0.513075551222789,0.043276214604069
63,0.449677062946593,0.550322937053407,0
64,0.535879856756183,0.462656726414012,0.00146341682980552
65,0.422637188331609,0.575829084919921,0.00153372674847082
66,0.968470511376491,0.0309044863094548,0.000625002314054576
67,0.544298806803731,0.420243481449031,0.0354577117472382
68,0.954808157639325,0.0412132821993944,0.00397856016128086
69,0.655986769934218,0.344013230065782,0
70,0.479286207963581,0.49750119995156,0.0232125920848584
71,0.441890388718625,0.550687307533583,0.00742230374779253
72,0.657653088639871,0.342346911360129,0
73,0.430473659198588,0.562117391565214,0.00740894923619828
74,0.441003203512129,0.544411802606286,0.0145849938815843
75,0.736585397956864,0.257481078663209,0.00593352337992616
76,0.328368904179358,0.6495230494286,0.0221080463920419
77,0.677881844622955,0.321638167626342,0.000479987750703336
78,0.679794901902375,0.320205098097624,0
79,0.758212305024312,0.238965275194903,0.00282241978078521
80,0.483911004811113,0.516088995188887,0
81,0.368374056290142,0.612090255764578,0.0195356879452804
82,0.678942056309366,0.321057943690634,0
83,0.597509095520515,0.390118282593278,0.0123726218862077
84,0.837546757330108,0.159691099810821,0.00276214285907031
85,0.901778476632722,0.0982215233672775,0
86,0.734391508863221,0.262660863538362,0.00294762759841719
87,0.905065633087008,0.0908113034206158,0.00412306349237653
88,0.394089927782179,0.605910072217821,0
89,0.946461095483744,0.0515098163992928,0.0020290881169634
90,0.242229142839364,0.757770857160636,0
91,0.912769536088426,0.0866403058501588,0.000590158061414775
92,0.308648750105289,0.691351249894711,0
93,0.258963142723931,0.697710387080605,0.0433264701954643
94,0.385066381960148,0.58496968446876,0.029963933571092
95,0.90671481864391,0.0932851813560898,0
96,0.461323673023905,0.514959404828589,0.0237169221475061
97,0.606224061415021,0.393775938584979,0
98,0.804321571313462,0.171599914913618,0.0240785137729201
99,0.730957619937803,0.248022874955606,0.0210195051065914
100,0.487477009781955,0.512522990218045,0
101,0.859218848838024,0.138979655108938,0.00180149605303834
102,0.606267124358777,0.393629389024297,0.000103486616925537
103,0.49365929136055,0.50634070863945,0
104,0.380453097564649,0.554418760444539,0.0651281419908124
105,0.628493685067957,0.3364182492201,0.0350880657119426
106,0.653185045029389,0.320981607475144,0.0258333474954678
107,0.435170259844242,0.555327149471391,0.00950259068436744
108,0.447182738921268,0.529484701592809,0.0233325594859232
109,0.965644776142777,0.0326026214661625,0.00175260239106054
110,0.741726792490723,0.258273207509277,0
111,0.967840833191062,0.0318588791603348,0.000300287648603007
112,0.92104562037775,0.0789543796222502,0
113,0.964104327667879,0.0338482501908573,0.00204742214126387
114,0.887862878727682,0.11006426338075,0.0020728578915673
115,0.946440979293495,0.0487395050682439,0.00481951563826064
116,0.78653078919139,0.207528369143312,0.00594084166529777
117,0.908997137841828,0.0910028621581719,0
118,0.974954995573174,0.0247543358658958,0.000290668560930022
119,0.68532898643974,0.31467101356026,0
120,0.961628097609965,0.0373738261108908,0.000998076279144143
121,0.868534293828594,0.100283048494569,0.0311826576768374
122,0.923593367021778,0.0750324218003088,0.00137421117791352
123,0.455421020502436,0.537863826542327,0.006715152955237
124,0.905513662361313,0.0917147203397334,0.00277161729895368
125,0.961088091085643,0.0381361680902929,0.000775740824064065
126,0.91982397959879,0.0794219865616378,0.000754033839571843
127,0.884350416477318,0.115531944197915,0.000117639324767701
128,0.913113282514563,0.0868867174854371,0
129,0.954579688910284,0.0453846143966135,3.56966931024569e-05
130,0.850885974080054,0.149114025919946,0
131,0.954040892653176,0.044572919631288,0.00138618771553601
132,0.841128504438568,0.158619341038651,0.000252154522781505
133,0.946622067074426,0.0533779329255738,0
134,0.831516797658199,0.156705994911974,0.0117772074298266
135,0.949573710522189,0.0497690959232289,0.000657193554582319
136,0.916120323898356,0.0838796761016445,0
137,0.731610602944084,0.268389397055916,0
138,0.958396966188683,0.0368317819203977,0.00477125189091939
139,0.83358536755978,0.142797658926669,0.023616973513551
140,0.953841114857688,0.0453408231701439,0.000818061972167804
141,0.770578000111221,0.191098403889783,0.0383235959989957
142,0.722894575323518,0.277105424676482,0
143,0.948899888504527,0.0405758332019724,0.0105242782935009
144,0.93983496382146,0.0473101693440972,0.0128548668344432
145,0.966963718600617,0.0330362813993831,0
146,0.919847198896408,0.0482061791529283,0.0319466219506641
147,0.936079031789327,0.040152074329449,0.0237688938812244
148,0.789027325657213,0.0652537092953761,0.145718965047411
149,0.947260014302375,0.0502362027943152,0.00250378290330922
150,0.944445062345545,0.0555549376544546,0
151,0.660627241500149,0.327028005593008,0.0123447529068428
152,0.800423708176268,0.193875207826065,0.00570108399766673
153,0.618464006563877,0.374969415348598,0.00656657808752495
154,0.678803858296827,0.318583176251274,0.00261296545189855
155,0.564626655245993,0.425055126637893,0.0103182181161135
156,0.616434842398509,0.383565157601491,0
157,0.870211265128383,0.113389864257028,0.0163988706145896
158,0.560964650379648,0.396507095728181,0.0425282538921711
159,0.892437977342071,0.107562022657929,0
160,0.593521002008128,0.404002510976767,0.00247648701510524
161,0.975753084850445,0.0229532770469412,0.00129363810261344
162,0.868249164770074,0.129996457913893,0.00175437731603266
163,0.970290393418012,0.0291296908408595,0.000579915741128897
164,0.925738088760207,0.0742619112397932,0
165,0.918863916206223,0.0801130871735716,0.00102299662020508
166,0.870701144929155,0.124945939408882,0.00435291566196377
167,0.914168495123666,0.0807271219593029,0.00510438291703107
168,0.270046711377502,0.710687034374832,0.0192662542476661
169,0.417485749112247,0.575089651117266,0.00742459977048709
170,0.573727454256613,0.410321595290152,0.0159509504532351
171,0.443104583374246,0.550039952268971,0.00685546435678311
172,0.954383218904731,0.0456167810952692,0
173,0.941909944242832,0.0541545264780505,0.00393552927911791
174,0.92943026011972,0.0655437139397667,0.00502602594051286
175,0.920986674420103,0.0758994024756248,0.00311392310427236
176,0.921828104237215,0.0761751670321151,0.00199672873067032
177,0.837269648289543,0.147410986103881,0.0153193656065756
178,0.441002461425565,0.527607267591712,0.031390270982723
179,0.913864678604909,0.0790743451719297,0.00706097622316109
180,0.425677248811657,0.567688065470649,0.00663468571769319
181,0.956736963700539,0.0431567463571753,0.000106289942286088
182,0.920877741511229,0.0791222584887711,0
183,0.951255647280246,0.0379586453589606,0.0107857073607932
184,0.627114295784009,0.315814303096596,0.0570714011193948
185,0.953094876838754,0.0469051231612454,0
186,0.750356019605592,0.233195927466464,0.0164480529279441
187,0.972411244328152,0.0272008174888211,0.000387938183027189
188,0.704372675147923,0.272132804239456,0.0234945206126211
189,0.918718913154515,0.0805439090257371,0.000737177819747942
190,0.70253486767911,0.274089675585796,0.023375456735094
191,0.458253670877642,0.504023357683946,0.037722971438412
192,0.963509902654232,0.0355658835007623,0.000924213845005631
193,0.511540490825322,0.440097967956015,0.0483615412186628
194,0.784394388196603,0.202296277107632,0.0133093346957651
195,0.826435900547873,0.0688198114419426,0.104744288010184
196,0.0856570584301943,0.913886463437146,0.000456478132659376
197,0.977926212816838,0.0216589744590358,0.00041481272412588
198,0.172654173970589,0.825140707118263,0.00220511891114807
199,0.244483687051596,0.752742976691728,0.00277333625667598
200,0.952541590739616,0.0474584092603836,0
201,0.916607269284128,0.0789186197511525,0.00447411096471977
202,0.620260445628976,0.351994021966798,0.0277455324042261
203,0.952361912523258,0.0476380874767417,0
204,0.923779881646216,0.0628825658770601,0.0133375524767243
205,0.942414779243337,0.0485580204258137,0.00902720033084896
206,0.941921752542672,0.0497432897417333,0.00833495771559468
207,0.951840594174141,0.048159405825859,0
208,0.975132810852371,0.0207911653474131,0.00407602380021573
209,0.962460416549636,0.0355040450365438,0.00203553841382017
210,0.956681074866529,0.038202801123897,0.00511612400957348
211,0.923744897861019,0.0699385521076624,0.00631655003131897
212,0.529877775082121,0.464753695243817,0.00536852967406271
213,0.47956214515685,0.517841294948304,0.00259655989484613
214,0.57943582986711,0.42056417013289,0
215,0.584917523941232,0.404484917811171,0.0105975582475971
216,0.665690373865303,0.326636557571998,0.00767306856269898
217,0.153995255444054,0.833267247340126,0.0127374972158197
218,0.469193797734052,0.530806202265949,0
219,0.845386892545569,0.15461310745443,0
220,0.242374568278301,0.746542761644396,0.0110826700773027
221,0.138234935218597,0.861765064781403,0
222,0.171368552262321,0.805041512507126,0.0235899352305531
223,0.171991674083798,0.815106652170388,0.0129016737458141
224,0.249039853524068,0.739731208639099,0.0112289378368328
225,0.249162190384903,0.742497329961504,0.00834047965359313
226,0.285069170895281,0.712251336309585,0.00267949279513418
227,0.915813610392406,0.0420483564818015,0.0421380331257923
228,0.38766340095624,0.61233659904376,0
229,0.405517716034066,0.590583228151959,0.0038990558139754
230,0.904941342551624,0.0949536316532621,0.000105025795114306
231,0.711349407752183,0.286707566780283,0.00194302546753448
232,0.370332497794538,0.606017872142543,0.0236496300629186
233,0.113028982694897,0.707245222214084,0.179725795091019
234,0.769090222709628,0.227337154950212,0.00357262234015983
235,0.35460363593184,0.64539636406816,0
236,0.485131896881909,0.514868103118091,0
237,0.710314785229669,0.285901321520225,0.00378389325010571
238,0.345834421822109,0.65377275599605,0.000392822181841468
239,0.811928564732709,0.186164190765534,0.00190724450175727
240,0.600092959205793,0.388388076335707,0.0115189644584994
241,0.441583441204059,0.533673252607067,0.024743306188874
242,0.937909205626331,0.0563125169488128,0.00577827742485671
243,0.292767551932671,0.696949874537534,0.0102825735297943
244,0.328386436305513,0.664190953381998,0.00742261031248816
245,0.316636679600091,0.66823690262752,0.015126417772389
246,0.402248413513501,0.597751586486499,0
247,0.410763666757772,0.574182300660394,0.0150540325818336
248,0.286204452569056,0.702878392539263,0.0109171548916811
249,0.344046037626491,0.641695862920351,0.014258099453158
250,0.951864828504029,0.0435475383161416,0.00458763317982908
251,0.46143456753683,0.493393625187375,0.0451718072757958
252,0.332668910115219,0.654909658698839,0.0124214311859424
253,0.953096066952198,0.0448017806266192,0.00210215242118324
254,0.322031653283331,0.664207995037027,0.0137603516796417
255,0.505977199649648,0.485501770483713,0.00852102986663887
256,0.333012456117042,0.653130430475847,0.0138571134071111
257,0.869088082935654,0.12898303242847,0.00192888463587665
258,0.784395385892856,0.190732192365088,0.0248724217420564
259,0.892362513311119,0.107637486688881,0
260,0.548012147794805,0.374114079230136,0.0778737729750589
261,0.80882685965149,0.169508708247997,0.0216644321005136
262,0.54241334373651,0.398150048195899,0.0594366080675916
263,0.603981395162006,0.363709818910658,0.0323087859273358
264,0.931854686461328,0.068136098026099,9.215512572905e-06
265,0.930109089798071,0.0698909102019285,0
266,0.764267504323915,0.191331430828053,0.044401064848032
267,0.681450620726399,0.283401261984274,0.0351481172893278
268,0.935669148303239,0.0585305895516756,0.00580026214508587
269,0.580643499124863,0.398995851741844,0.0203606491332927
270,0.60612023942565,0.364326299532731,0.0295534610416187
271,0.929678977323566,0.0651913712550265,0.00512965142140772
272,0.855540776200231,0.129326972069264,0.0151322517305051
273,0.493111617299288,0.499476420940917,0.00741196175979535
274,0.395099369641379,0.604900630358621,0
275,0.683510293678858,0.311433332783573,0.00505637353756818
276,0.346299763777344,0.653700236222656,0
277,0.252991874983104,0.747008125016896,0
278,0.378340773600905,0.543766309131936,0.0778929172671592
279,0.29547130415537,0.652179494830199,0.0523492010144306
280,0.291210428502851,0.698739416112712,0.0100501553844369
281,0.904696071897484,0.0943849106494018,0.000919017453114547
282,0.912158969220263,0.0763546956516869,0.0114863351280503
283,0.542763494373162,0.40838670963054,0.0488497959962987
284,0.331004540383974,0.636984906397945,0.0320105532180805
285,0.501627756531334,0.461442426277019,0.0369298171916474
286,0.378280073319304,0.602320494984217,0.0193994316964782
287,0.431426299282077,0.546812325144197,0.0217613755737254
288,0.967532008718093,0.0287902757786428,0.00367771550326381
289,0.959546393415092,0.0392438647674996,0.00120974181740822
290,0.974743674304569,0.0233094012289823,0.00194692446644824
291,0.919535630845018,0.0804643691549817,0
292,0.939129451842747,0.0496187507618385,0.0112517973954145
293,0.804660605112778,0.176023490805777,0.0193159040814449
294,0.727128492707217,0.272871507292783,0
295,0.983430960178618,0.0165690398213818,0
296,0.957177710693122,0.0301670752403277,0.0126552140665502
297,0.825282743064989,0.128264761587457,0.0464524953475544
298,0.95169566117776,0.0360065214616968,0.012297817360543
299,0.920428131170886,0.0789384962440827,0.000633372585031791
300,0.606373902255873,0.389533212708922,0.0040928850352047
301,0.766346026894309,0.138193910827119,0.0954600622785715
302,0.839009035676637,0.0490758344790478,0.111915129844315
303,0.889438806108261,0.0705008645282768,0.0400603293634625
304,0.951012957934002,0.0398687060314136,0.00911833603458476
305,0.85595325775356,0.131719218916466,0.0123275233299739
306,0.936115505289491,0.0506169868999264,0.0132675078105829
